00110000
10000010
00000010
00111001
00110000
10000010
00000001
10100010
00000010
00001001
00000000
11001111
00011100
10001110
01000101
00011111
11100000
11011110
11011101
00110000
00001101
00000110
00001001
00101010
10000110
01001000
10000110
11110111
00001101
00000001
00000001
00000101
00000101
00000000
00110000
01100001
00110001
00001011
00110000
00001001
00000110
00000011
01010101
00000100
00000110
00010011
00000010
01010101
01010011
00110001
00001011
00110000
00001001
00000110
00000011
01010101
00000100
00001000
00001100
00000010
01010100
01011000
00110001
00010000
00110000
00001110
00000110
00000011
01010101
00000100
00000111
00001100
00000111
01001000
01101111
01110101
01110011
01110100
01101111
01101110
00110001
00100001
00110000
00011111
00000110
00000011
01010101
00000100
00001101
00001010
00001100
00011000
01001001
01101110
01110100
01100101
01110010
01101110
01100101
01110100
00100000
01010111
01101001
01100100
01100111
01101001
01110100
01110011
00100000
01010000
01110100
01111001
00100000
01001100
01110100
01100100
00110001
00010000
00110000
00001110
00000110
00000011
01010101
00000100
00000011
00001100
00000111
01010111
01100101
01100010
01010100
01100101
01110011
01110100
00110000
00011110
00010111
00001101
00110001
00110011
00110000
00110010
00110010
00110000
00110000
00111000
00110010
00111001
00110001
00111001
01011010
00010111
00001101
00110001
00110100
00110000
00110010
00110010
00110000
00110000
00111000
00110010
00111001
00110001
00111001
01011010
00110000
01100001
00110001
00001011
00110000
00001001
00000110
00000011
01010101
00000100
00000110
00010011
00000010
01010101
01010011
00110001
00001011
00110000
00001001
00000110
00000011
01010101
00000100
00001000
00001100
00000010
01010100
01011000
00110001
00010000
00110000
00001110
00000110
00000011
01010101
00000100
00000111
00001100
00000111
01001000
01101111
01110101
01110011
01110100
01101111
01101110
00110001
00100001
00110000
00011111
00000110
00000011
01010101
00000100
00001101
00001010
00001100
00011000
01001001
01101110
01110100
01100101
01110010
01101110
01100101
01110100
00100000
01010111
01101001
01100100
01100111
01101001
01110100
01110011
00100000
01010000
01110100
01111001
00100000
01001100
01110100
01100100
00110001
00010000
00110000
00001110
00000110
00000011
01010101
00000100
00000011
00001100
00000111
01010111
01100101
01100010
01010100
01100101
01110011
01110100
00110000
10000001
10011111
00110000
00001101
00000110
00001001
00101010
10000110
01001000
10000110
11110111
00001101
00000001
00000001
00000001
00000101
00000000
00000011
10000001
10001101
00000000
00110000
10000001
10001001
00000010
10000001
10000001
00000000
11101010
10101110
00001111
01101010
10001110
00100011
01010010
10100010
01010101
01001101
01001101
01001011
11010100
11000001
01101001
11001011
10111000
11110001
00101010
11010010
10001111
00110111
00110111
11111011
01011010
01111010
01011011
10001011
00110100
11110100
11100100
11101001
01010010
11000011
00111010
10100010
10000111
10010100
10101011
00011111
11110000
00010010
00111100
00110111
10010111
00100100
00111011
10100111
10110101
01010111
11001101
10101001
00111101
00101101
01010100
11110101
10000000
10000100
10110011
10010001
11100000
01011110
10010111
11101101
11000011
11110100
01100011
01001000
01100010
10101010
00101100
11011011
11000110
11101000
11100011
10000010
10111111
00011000
01111001
10011001
10011110
11000110
11111001
10110000
00110010
01000010
11011110
01110111
11101101
01000101
11101101
00001000
00001001
00100101
00010011
01101111
00001011
10011110
01011100
01100000
10100111
10001011
10000100
10101100
10110111
00000100
11011011
00000010
01010111
00001011
10001100
00011001
10100100
11000101
01000001
01110000
01000110
01101101
00011111
01001111
10101000
11100011
00100111
00011100
11111101
01001010
00001000
10000011
00000010
00000011
00000001
00000000
00000001
00110000
00001101
00000110
00001001
00101010
10000110
01001000
10000110
11110111
00001101
00000001
00000001
00000101
00000101
00000000
00000011
10000001
10000001
00000000
01001110
10000011
00100001
10011001
11111010
00011111
01010100
11111011
01110101
01110111
11000010
01001001
01011101
11000000
01000111
01001101
10110001
11100100
10000000
11000010
10001100
00110011
00001100
01100000
11110011
10100011
10010011
10101111
01101101
00110101
00110011
00101011
10101100
11100110
10110100
11101110
11111111
01011101
00110101
01011100
10110101
10101011
00111100
00000001
11110010
01000111
10111010
01110000
00010010
11000111
01010100
11110011
11001001
01011111
10110010
10110010
01100101
11111011
11010100
01100101
01011011
00001101
00010100
10010010
01010010
10111001
00101110
11110000
11101010
00000111
11100011
00110100
01000010
01101101
01000011
00111000
11111100
11001111
00110101
10001001
01110110
00101100
00110101
10010010
10101110
10111001
10111000
10100000
01001000
10110000
11010100
10101110
10000000
00101100
00011010
11100011
11000110
00111101
00011011
00011010
10011010
10110011
10100100
11101010
01100111
00011000
00010010
01011100
11110111
11011110
11011111
01010110
10101010
00000100
01011011
11110101
10000101
01100000
00000000
10011111
11010100
00100000
10001001
11101110
01000111
10110111
01101010
11111000
